"ID","class","prob1","prob2","prob3","prob4"
7802,2,3.89223874680594e-06,0.698404965242206,0.301342713263656,0.000248429255391536
11922,2,6.6987981274566e-05,0.998872629139478,0.000987349893197929,7.30329860497855e-05
11932,4,0.0831269853033559,0.0178364298149121,2.93821578009671e-05,0.899007202723931
12852,4,0.186963147787855,0.0776192378848404,4.40620247460657e-06,0.73541320812483
15902,4,0.187358235091729,0.0903913323389926,1.2191827588021e-05,0.72223824074169
20792,4,0.303719098148867,0.184319071600326,1.83167356139938e-05,0.511943513515193
21452,4,0.0903614720249043,0.341187783377812,0.0522625995378147,0.516188145059469
25911,1,0.995020823099608,0.00145256878599314,6.18782625103184e-11,0.00352660805252115
25921,4,0.000230349607079203,0.166027042133954,0.107466686621468,0.726275921637498
25931,4,0.0923390581980049,0.0595427870693725,6.19074557302548e-06,0.84811196398705
25951,1,0.486804224209955,0.266018937802136,2.56965949623875e-06,0.247174268328412
25971,2,0.195096885972626,0.764791503538427,8.33157328463667e-06,0.0401032789156631
25981,2,0.276004739502875,0.529405573394134,9.18372007088963e-06,0.19458050338292
25991,1,0.700624651404752,0.283830241413687,1.55750873837553e-07,0.0155449514306876
26001,2,0.00427567465253806,0.976081868486265,0.000223895155915902,0.0194185617052817
26011,1,0.992509024014191,0.000142501482350216,1.85274634219315e-11,0.00734847448493144
26021,2,0.037445204291861,0.8310131903838,8.93836598050028e-05,0.131452221664534
26031,4,0.251912987015072,0.00144577719694058,1.97074307730952e-06,0.74663926504491
26041,2,0.0354748302116503,0.947373063350394,1.75555291509145e-05,0.0171345509088047
26051,2,0.0294653967992498,0.575901379865861,0.000297619806303338,0.394335603528586
26061,3,7.97261676100607e-07,0.459662579106691,0.532302003711642,0.00803461991999117
26071,3,1.01326273060721e-10,0.0017553177054565,0.997819463296437,0.000425218896780551
26081,4,0.00129599994502913,0.379438803174488,0.0212724954223526,0.597992701458131
26091,2,5.11945634690796e-05,0.735578476199253,0.255795592598026,0.00857473663925234
26101,3,8.69778807333217e-07,0.0364816148375101,0.781799680836168,0.181717834547514
26111,4,0.334578094977763,0.00177084713733773,3.30328717058148e-08,0.663651024852027
26121,4,0.310420342196415,0.00336493127209893,1.51181625287017e-06,0.686213214715234
26131,4,0.217703074212461,0.36816502072243,0.00196040974338557,0.412171495321724
26141,4,0.00330565426210037,0.0315486731221867,0.000310117643828987,0.964835554971884
26151,3,1.7003276684721e-17,2.92815366557888e-06,0.999997065414478,6.43185689877345e-09
26161,4,0.0332271118057951,0.0647891789273827,0.000319280858376043,0.901664428408446
26171,1,0.714550873851964,0.0902088016128905,7.81475318288451e-07,0.195239543059827
26181,2,0.00191081218229916,0.996016724333611,5.30868367563179e-05,0.00201937664733387
26191,2,0.0102695177303926,0.939893026603699,0.000317073108498646,0.0495203825574098
26201,2,0.00135187975104126,0.972703139398769,0.00187573580512177,0.0240692450450678
26211,2,0.0390687743606702,0.951148877306564,1.23727939663744e-05,0.00976997553879894
26221,2,0.00664457530101765,0.501446879748511,0.000956153672812081,0.49095239127766
26231,2,0.000243946540502291,0.755854247756313,0.0618200148283143,0.18208179087487
26241,2,0.362505983248211,0.37371753707264,1.20958046514449e-05,0.263764383874498
26251,1,0.74736249877719,0.00754113789795948,5.23034678237036e-08,0.245096311021383
26261,4,0.393401551063965,0.0533151607843554,1.4421290243595e-06,0.553281846022655
26271,1,0.999703906743064,2.1779308593597e-06,3.17907047791256e-15,0.00029391532607347
26281,3,4.89437886772750e-09,0.148246729090884,0.851729377502334,2.38885124031647e-05
26291,1,0.871818926352611,0.00317538230578413,6.8185055694082e-09,0.1250056845231
26301,1,0.641713468426896,0.0706610893554141,3.6553715263369e-06,0.287621786846164
26302,1,0.92672129243023,0.0192103241758749,1.7330954712212e-07,0.0540682100843485
26311,1,0.63096239801943,0.228809329605268,1.87166823782191e-06,0.140226400707065
26321,2,0.0232189686674905,0.961775307288061,4.24303851239096e-05,0.0149632936593241
26331,2,0.00620785287190197,0.98254910763015,0.000121507414444928,0.0111215320835028
26341,4,0.0344717030185272,0.00610939840076473,3.14683507963339e-06,0.959415751745628
26351,2,0.00277703375299088,0.786542745701268,0.00758186507825363,0.203098355467487
26361,2,0.00691894156649368,0.974451578397375,0.000137209965207566,0.0184922700709235
26371,4,0.039337471216547,0.00997180797799345,3.94481750454665e-05,0.950651272630414
26381,1,0.3773196300459,0.377249131565401,6.55516022081135e-06,0.245424683228478
26391,3,1.73470706545563e-15,1.96842997060836e-05,0.999980126851621,1.88848671079595e-07
26401,4,0.225205942544551,0.0693120339115103,6.41577138131596e-06,0.705475607772558
26411,2,0.0068261396109131,0.748105410696629,0.00427137229729729,0.240797077395161
26421,4,0.0335684260676375,0.125356319268804,0.000499506792738428,0.84057574787082
26431,4,0.0122845638542398,0.14416227845724,0.00182337898365762,0.841729778704863
26441,2,2.8668088843383e-05,0.993269398106113,0.00506066073900429,0.00164127306603964
26451,4,0.396018798243087,0.00355380652863393,4.99059322982885e-08,0.600427345322347
26461,2,0.00326917099244252,0.987936320614727,0.000194108512773642,0.00860039988005649
26471,1,0.997124750834711,7.87064999815059e-05,1.96831081895762e-12,0.00279654266333926
26481,2,2.97661772289292e-05,0.704722561700719,0.19764310232698,0.0976045697950719
26491,1,0.631171591434986,0.362758484485158,1.11504944456334e-07,0.00606981257491104
26501,4,0.0402193783922235,0.110313729665916,0.000174271980194524,0.849292619961666
26511,2,0.00055603665196524,0.905145213189319,0.0146327067174264,0.0796660434412897
26521,1,0.877396743958518,0.000999111259763881,2.05815551475372e-09,0.121604142723562
26531,2,0.0744583918011751,0.777252446199742,0.00011534471307365,0.14817381728601
26541,2,0.00516926359670427,0.91045962534199,0.00115022364037666,0.0832208874209286
26551,2,0.0730237722710943,0.792637809237576,0.000327120223882184,0.134011298267447
26561,1,0.944268936001697,0.000360347567640788,1.42827677587122e-09,0.0553707150023854
26571,1,0.989433171618195,0.00256929432722382,3.07175505220377e-10,0.00799753374740559
26581,4,0.147494489649531,0.000513408106445447,1.08039648206701e-08,0.851992091440059
26591,2,0.00425659986690364,0.990121703592695,7.13421181810732e-05,0.00555035442222012
26601,4,0.0299359702443865,0.0131520798461635,9.4621965919008e-06,0.956902487712858
26611,2,0.00249861116293839,0.9888636525473,0.000241645049667633,0.00839609124009427
26621,1,0.743080323827322,0.129588503879377,3.5097204954047e-07,0.127330821321252
26631,2,1.81177997421989e-05,0.555826145686851,0.31455582025612,0.129599916257288
26641,4,0.0365337477474566,0.0841121840103001,2.92453695574918e-05,0.879324822872686
26651,2,0.000923603122761642,0.622523876148306,0.00942023082612811,0.367132289902804
26661,4,0.0678339657284969,0.0277859440091763,4.77359619146675e-05,0.904332354300412
26671,3,1.02602471865575e-20,1.95000178807733e-08,0.999999980377245,1.22736564443231e-10
26681,2,4.68853436608326e-05,0.469479277073904,0.272261392234757,0.258212445347678
26691,2,0.00254636803991882,0.78344562267197,0.0257083473163921,0.188299661971719
26701,4,0.011861910070888,0.0295776324750101,0.00357590258361365,0.954984554870488
26711,2,0.0013569527173618,0.691291100304899,0.00686785956413142,0.300484087413608
26721,4,5.1105283671318e-05,0.0151308808424076,0.0191020235971213,0.9657159902768
26731,4,0.284880813109187,0.0091917223411177,3.05200474872022e-07,0.705927159349221
26741,4,0.181162920450409,0.0143315552234231,8.97940678937956e-07,0.804504626385489
26751,1,0.617044040894912,0.00522978281802099,2.49356134764327e-08,0.377726151351453
26761,4,0.00716425830871819,0.00649407630159607,1.36454919624042e-05,0.986328019897723
26771,4,0.138483483219156,0.00168160363285245,1.31460405938058e-07,0.859834781687585
26781,4,0.0152520998761419,0.119665711732772,0.000364132418312515,0.864718055972773
26791,1,0.755560564993943,0.0541800873883157,1.21387603601951e-06,0.190258133741705
26801,2,0.000898810325529819,0.892098269433011,0.00829238193853205,0.0987105383029267
26811,4,0.306698447800909,0.0391361801482566,2.76961826058767e-06,0.654162602432574
26821,3,3.00608165271402e-07,0.0343802348142642,0.92763157568836,0.0379878888892109
26831,1,0.98680857952724,0.00161266984862141,3.20103212677924e-10,0.0115787503040349
26841,1,0.992606301465855,0.000226664477957624,2.10199341190673e-11,0.00716703403516749
26851,1,0.958742517504144,0.00267161463460528,2.00955892601134e-09,0.0385858658516918
26861,1,0.986557033284498,0.00730000949897792,7.51906779266907e-10,0.00614295646461762
26871,1,0.705478192338073,0.110318475361093,7.51310204673362e-07,0.184202580990629
26881,1,0.909289078516777,0.0125786642782134,3.03075482636686e-08,0.078132226897461
26891,2,0.0548851360622698,0.927667408282793,0.000173003380983992,0.0172744522739529
26901,2,3.95872020438686e-07,0.948617692299368,0.0512963935059549,8.55183226570783e-05
26911,4,0.00162649699803248,0.0746855466106886,0.000971282935819909,0.922716673455459
26921,4,0.000394943912450282,0.447159764660464,0.0333214147895749,0.519123876637511
26931,1,0.962901011144704,0.0073665301258377,4.38369842021541e-09,0.0297324543457594
26941,2,4.19289371929709e-05,0.967604652404436,0.0199327536851942,0.0124206649731768
26951,1,0.498498478120959,0.026383719390285,7.13429129182836e-07,0.475117089059627
26961,2,0.00096819557563557,0.719863402737932,0.0142615419532329,0.2649068597332
26971,1,0.682514591611087,0.00490775776129824,1.85881181407565e-08,0.312577632039497
26981,2,0.234304695003782,0.564220174165441,1.65521687644374e-05,0.201458578662012
26991,3,5.74403873442602e-07,0.357006349418596,0.637262504513054,0.00573057166447652
27001,1,0.967287702356813,0.000202269677600688,9.13129046002227e-11,0.0325100278742733
27011,2,0.000133510737131876,0.5247859045193,0.0948754836238076,0.38020510111976
27021,2,0.00294549340925841,0.962144580674225,0.000903816661094165,0.0340061092554223
27031,2,0.0134963377355121,0.77471610548824,0.000219534697657231,0.211568022078591
27041,1,0.950425898213662,0.000116960407168,6.23317834353732e-11,0.0494571413168387
27051,1,0.979491658398608,8.55686956086071e-05,1.11383415075007e-11,0.0204227728946447
27061,4,0.174200107030031,0.319889463224935,2.23548007558185e-05,0.505888074944278
27071,1,0.983810103317242,0.000321105020797667,3.22826584714161e-11,0.0158687916296779
27081,3,6.12620591400762e-06,0.0787538117064479,0.602835099357355,0.318404962730283
27091,4,0.00064155392332528,0.037523623319906,0.00275192783166518,0.959082894925103
27101,4,0.00307036075721095,0.00745842971891777,4.86645845332542e-05,0.989422544939338
27111,4,0.00814461236425765,0.235826970673836,0.00572817841809121,0.750300238543815
27121,2,5.12138232594918e-05,0.618268857096844,0.297113136869349,0.0845667922105471
27131,3,1.08811165595237e-10,0.00142678497211626,0.998273975404299,0.000299239514773724
27141,3,4.40202108393781e-10,0.00436432691673212,0.994938506564886,0.000697166078180009
27151,2,0.000952714285677948,0.738145103573037,0.00688958611204046,0.254012596029245
27161,4,0.0878936365269879,0.187482930354325,0.00177567070708962,0.722847762411597
27171,2,3.72735823205538e-05,0.822868520975937,0.113774008413123,0.0633201970286196
27181,4,0.0551297371177579,0.0737495652084122,0.000274645858096306,0.870846051815734
27191,1,0.996793678221069,0.000342706281986616,1.13367640102451e-11,0.00286361548560777
27201,1,0.994586380292771,0.000129308154951797,6.32825440418747e-12,0.00528431154594943
27211,4,0.0160775312702442,0.0198743627018202,0.000223759519775324,0.96382434650816
27221,1,0.766246997645506,0.0477320242621512,8.1233788717045e-07,0.186020165754456
27231,4,0.0175810082966406,0.437216558911149,0.000337307615624285,0.544865125176586
27241,4,0.0165960643623244,0.0767584816954045,0.00125132851188964,0.905394125430381
27251,2,6.20187244116588e-05,0.8605693997176,0.127408790288466,0.0119597912695218
27261,4,0.00945064105118856,0.00895516383807218,0.000182515191067583,0.981411679919672
27271,4,0.000591401616146372,0.309022997105475,0.0391615596567286,0.65122404162165
27281,4,0.00274961184305026,0.0296502255461265,0.000206165139578461,0.967393997471245
27291,2,0.0168902701378683,0.88453612843602,0.000105608781822304,0.0984679926442891
27301,3,1.04633896704411e-10,0.00237984656840688,0.997551450894155,6.87024328042921e-05
27311,1,0.793165740188205,0.023132599728799,1.78465741744667e-07,0.183701481617255
27312,1,0.847952493675237,0.00797831729381727,2.72806070453904e-08,0.144069161750339
27321,4,0.0296026700676883,0.46422656192947,0.000626878734822473,0.505543889268019
27331,4,0.115358280055711,0.00121199237801283,7.82663025523609e-08,0.883429649299974
27341,4,0.0521272862058948,0.00866474095367835,2.14320454699373e-06,0.93920582963588
27351,2,0.0286741578161752,0.552516710174244,0.000221151639667598,0.418587980369913
27371,2,0.00884218549394172,0.772055837428739,0.00626590601480363,0.212836071062515
27381,4,0.117185480244411,0.0281543877049412,1.93093356725132e-05,0.854640822714975
27391,2,0.334940766372665,0.629159456954572,2.62149954685337e-06,0.0358971551732155
27401,1,0.999245366620824,4.17743343437023e-06,1.57223919553814e-14,0.000750455945725836
27411,4,0.023400408519045,0.389824666218777,0.000214743574217535,0.58656018168796
27421,2,0.0172142877526207,0.600952034261423,0.0031091358863047,0.378724542099652
27431,4,0.0531564098129424,0.0163087893456182,4.77353618375467e-06,0.930530027305256
27451,4,0.0249711606613614,0.209369993910996,0.000118541780870979,0.765540303646772
27461,1,0.369110269348016,0.33855660477244,0.000184279484610996,0.292148846394933
27471,4,0.271841444867473,0.0275834300017584,6.41357142210427e-06,0.700568711559346
27481,4,0.0289537742487436,0.133409378184322,8.24141671315496e-05,0.837554433399803
27491,2,5.22032607835053e-06,0.755506697927818,0.238657178323,0.00583090342310384
27501,2,0.0714337523165296,0.492128953732111,0.000958391700280542,0.435478902251079
27511,2,0.104461253365265,0.606230329384081,3.84862829175776e-05,0.289269930967736
27521,3,1.0910836284653e-07,0.42072344319506,0.578494223245749,0.000782224450828369
27531,1,0.703785502879084,0.000256910185411586,1.02900097889971e-09,0.295957585906503
27541,2,0.000185527276837378,0.71619819306047,0.108543765231884,0.175072514430809
27551,1,0.622995227531823,0.00932964593421115,1.95706506555315e-05,0.36765555588331
27561,2,0.183522001309764,0.562538977818813,2.97947260935022e-05,0.25390922614533
27571,4,0.0354045249143965,0.0013519866203797,3.26322120384094e-07,0.963243162143103
27581,1,0.983594309612771,0.00124303099787056,2.9382051518256e-10,0.0151626590955376
27591,2,9.7098486284898e-06,0.611861257016942,0.352899823502215,0.0352292096322149
27601,2,0.00030481237134539,0.857843617606481,0.0233479054186486,0.118503664603525
27611,4,0.0823211991752773,0.094814350331497,1.34684338346999e-05,0.822850982059391
27621,4,0.0503996320853866,0.0154634376461182,1.09525966760786e-05,0.934125977671819
27631,2,0.000619577190577266,0.944245208588494,0.00787863156055032,0.0472565826603785
27641,1,0.655120941690144,0.0571537716251634,1.24668606147606e-05,0.287712819824077
27651,3,3.63989649527131e-08,0.0301423243276128,0.969765104806302,9.25344671204855e-05
27661,2,3.757086460902e-05,0.497231895818107,0.283333728079943,0.219396805237341
27671,1,0.88445698016815,0.0104783758345348,1.69104572934336e-08,0.105064627086858
27681,3,3.85944364952443e-09,0.0427811637883465,0.956924203990986,0.000294628361223642
27691,4,0.0141255071188609,0.00178592762639065,1.88436954070361e-06,0.984086680885208
27701,2,0.00464661080704243,0.520051153906947,0.00237545414676774,0.472926781139243
27711,1,0.858230149963227,0.0125550413694286,1.14241274759381e-07,0.129214694426069
27721,2,0.00399116655939683,0.585676002760489,0.00239831786635476,0.40793451281376
27731,1,0.999090098516923,1.74713794283305e-05,1.10038194394158e-13,0.000892430103538154
27741,3,8.38345346879937e-09,0.196914379017135,0.80298108340116,0.000104529198251683
27751,1,0.992294862784874,3.54753008215363e-05,1.98484278417082e-12,0.00766966191231933
27761,4,0.0013348626599334,0.22192710698144,0.00482497392954527,0.771913056429081
27771,4,0.000111793430189815,0.0840900862905258,0.0453695325082495,0.870428587771035
27781,4,0.240739123699671,0.0395178228245705,1.27706719355365e-06,0.719741776408565
27791,2,0.00582469411633558,0.826068905377082,0.000975508329337036,0.167130892177245
27801,4,0.000246817903219921,0.279995603778313,0.244554644142572,0.475202934175895
27811,1,0.98806195276392,0.000677031446037093,8.11700890132394e-11,0.0112610157088733
27821,4,0.00667750649487106,0.00364503770962663,7.67945722445934e-06,0.989669776338278
27831,3,1.71285154571509e-08,0.0403493846077782,0.958624846240903,0.00102575202280357
27841,2,0.0879864529759212,0.774106041813954,6.45027962846201e-05,0.13784300241384
27851,4,0.137456077278944,0.367611275188099,0.000731762595565755,0.494200884937391
27861,1,0.947398563587135,0.000283017184702257,5.5864636053105e-10,0.0523184186695161
27871,3,1.58033544415394e-07,0.0670675640773373,0.925629074906418,0.00730320298270007
27881,3,2.43448906638787e-08,0.128740599658733,0.869902240876193,0.00135713512018353
27891,4,0.0589233633406192,0.0128191188997665,7.39323621080421e-06,0.928250124523404
27901,1,0.469161652337542,0.213617962590341,4.20864929428442e-05,0.317178298579174
27911,1,0.945294116757545,0.00129843451688413,5.49554480031485e-10,0.0534074481760158
27921,2,0.00103713830080369,0.746388463512409,0.12759675794949,0.124977640237298
27931,1,0.561703589726278,0.398980867660576,2.28907939835495e-06,0.0393132535337472
27941,3,2.26863064911623e-16,2.87315065549298e-06,0.999996914660738,2.12188605861342e-07
27951,1,0.59026297069806,0.330663398330976,6.51766232948302e-06,0.0790671133086345
27961,4,0.066849037441018,0.333549069398765,7.72731692921792e-05,0.599524619990925
27971,4,0.0157474290506708,0.476154740905917,0.0010417478856628,0.507056082157749
27981,2,0.00363607736865956,0.892446275401007,0.0192601549453926,0.0846574922849404
27991,4,0.166131701209397,0.0822277121636578,0.00267769898539646,0.748962887641549
28001,4,0.0122470710349256,0.10271160690272,0.000150194655068589,0.884891127407286
28011,3,7.88204834816121e-07,0.189839299330161,0.798264805219881,0.0118951072451233
28021,3,2.7890021335006e-13,0.000722401816072219,0.999276771876419,8.26307229831664e-07
28031,2,0.141579711034212,0.663091345801065,0.00027666059226309,0.19505228257246
28041,2,0.0150203532094215,0.680306370216606,0.00464050432205967,0.300032772251912
28051,4,0.000938465665825239,0.215508410744632,0.00762313587516068,0.775929987714382
28061,1,0.981574739036333,0.0104086389772138,1.58165237020963e-09,0.00801662040480051
28071,4,0.000468724402003767,0.341763814401709,0.0359125313696589,0.621854929826628
28081,4,0.235153948715172,0.00186885647500792,1.15078931419882e-07,0.762977079730888
28091,3,4.08763427339981e-15,6.91349168701188e-06,0.99999277530852,3.11199788546472e-07
28101,4,0.228929090402137,0.291006373942989,1.25769668627504e-05,0.480051958688011
28111,3,6.06916509049529e-06,0.268450332074433,0.56384604803115,0.167697550729327
28121,4,0.0386313245125967,0.00221276260338549,4.69997531523155e-07,0.959155442886486
28131,4,0.22674094136147,0.105509123079138,0.00222058917211315,0.665529346387279
28141,3,7.27127511642676e-08,0.299415365476305,0.700485948206511,9.86136044327212e-05
28151,3,6.38438241338435e-11,0.00297551020307011,0.996943879132327,8.06106007589726e-05
28161,2,0.000135118296127532,0.985802081963483,0.00675262941222212,0.00731017032816729
28171,2,9.83976483655608e-06,0.497785140904458,0.397373118426147,0.104831900904558
28181,4,0.00279993162457084,0.10182565702746,0.0129210853518578,0.882453325996112
28191,1,0.560158948801284,0.153786813939446,1.64102561070925e-06,0.28605259623366
28201,2,0.00601405666722084,0.969646307384484,0.000418619294875309,0.0239210166534195
28211,2,0.0116174566042305,0.923290063502659,0.000224288922487048,0.0648681909706237
28221,2,0.00735150055831697,0.702856794344726,0.00873378935655021,0.281057915740406
28231,1,0.753829501146887,0.0129079755988335,1.54311338002987e-06,0.233260980140899
28241,2,0.0539365644557312,0.747904976393516,0.000176985455708423,0.197981473695045
28251,2,0.0015060240818664,0.687252308875055,0.0110755728951131,0.300166094147966
28261,2,0.123226072866687,0.782364590776669,2.29715059535337e-05,0.0943863648506905
28271,2,0.20558922256325,0.535610083679318,2.09664225627418e-05,0.258779727334869
28281,1,0.997630366422502,5.21934499316217e-05,6.29269263958799e-13,0.00231744012693674
28291,2,0.00937935642427417,0.96084501247347,0.000271923647906381,0.0295037074543494
28301,2,0.000303065745321202,0.73577227776905,0.0244935524556857,0.239431104029943
28311,2,4.62236022726438e-05,0.989682412808872,0.00619339004469163,0.0040779735441635
28321,2,0.0626811526356972,0.808364366080147,6.97886016730774e-05,0.128884692682483
28331,3,1.51733531865495e-07,0.242263852884785,0.754540592601295,0.0031954027803875
28341,4,0.359486968070479,0.26516571771605,4.90656812817525e-06,0.375342407645343
28351,4,0.010271253212452,0.101760617122491,0.000510068958929211,0.887458060706128
28361,4,0.00914901934728262,0.269193005744372,0.00689932915581209,0.714758645752534
28381,3,2.036781421595e-05,0.3363244028906,0.624002579812928,0.0396526494822556
28391,4,0.0414464586275764,0.00279936051241556,9.05249580688507e-07,0.955753275610427
28401,2,0.00934297504011507,0.976237646118666,0.000134531376084942,0.0142848474651335
28411,1,0.752576227229081,0.0036402589970381,7.95596792172535e-08,0.243783434214202
28421,4,0.051023429922376,0.114017577734624,3.091176648687e-05,0.834928080576513
28431,2,1.7193329317372e-08,0.626031072755927,0.373892301893929,7.66081568152391e-05
28441,1,0.817859676380038,0.0415315009084511,7.32895121777213e-08,0.140608749421998
28451,2,0.0344008661741,0.806366553433412,0.000212706987393397,0.159019873405095
28461,4,2.26440131032515e-05,0.217153448908853,0.251773454222952,0.531050452855092
28471,1,0.917608239801339,0.00174797572554411,3.0493967679716e-09,0.0806437814237206
28481,3,3.82331577340822e-15,5.87995917576611e-06,0.999992182123116,1.93791770427968e-06
28491,2,8.85461483906741e-05,0.493116418310205,0.428132377866287,0.0786626576751169
28501,1,0.991990674907899,0.0065689180173004,1.36051528876912e-10,0.0014404069387493
28511,1,0.845655444457203,0.0320913781740976,1.01208892203484e-07,0.122253076159808
28521,4,0.103841459979037,0.0286968277605419,5.13863026564902e-06,0.867456573630156
28531,1,0.928539523257189,0.0119725671511804,1.17594778021779e-08,0.0594878978321526
28541,1,0.996062415329191,0.00012066180963141,4.85042162985522e-12,0.00381692285632778
28551,4,0.00120392990849719,0.251933070287258,0.00517268887035693,0.741690310933888
28561,4,0.00446225065105995,0.110339118767953,0.000482022069686828,0.8847166085113
28571,2,0.00263094490627506,0.860832343475562,0.00388809924626311,0.132648612371899
28581,4,0.163354787925787,0.00764145439385861,3.55146555550918e-07,0.829003402533798
28591,3,9.1653094211362e-12,0.000480387008942943,0.999368534401418,0.000151078580474019
28601,2,0.0134622890109223,0.880768012704547,0.0013708441253284,0.104398854159202
28611,4,0.00491697638165672,0.41934203411907,0.0172423575097572,0.558498631989516
28621,2,0.089077697807412,0.808407525877552,6.27071052893143e-05,0.102452069209746
28631,3,1.48296979444392e-16,7.81594545669454e-07,0.999998509634885,7.08770569187683e-07
28641,4,0.000563490105739036,0.372911022965656,0.0525737536468229,0.573951733281782
28651,4,0.000147146849544693,0.0499558266190151,0.0133854096818585,0.936511616849582
28661,4,0.0966510636874135,0.311328374099482,0.00202995962650136,0.589990602586603
28671,4,0.19071524651036,0.037546274641805,0.0001229486396224,0.771615530208213
28681,2,0.0207447460692907,0.895660730769156,0.0244739224754857,0.0591206006860681
28691,1,0.562053359728688,0.0112359437783066,4.28269805681754e-06,0.426706413794948
28701,4,0.164517289174607,0.354626152947,0.00106508764206632,0.479791470236326
28711,4,0.016074304693842,0.221082412644302,0.0202366354723835,0.742606647189473
28721,4,0.0936110523096259,0.0314208864476181,0.00216517323494158,0.872802888007814
28731,4,0.015062082927986,0.00768364054284547,8.98012168995874e-06,0.977245296407479
28741,4,0.105009509501334,0.0333678403526288,0.00108522444340958,0.860537425702628
28751,4,0.011396239021434,0.00282017536437604,3.73599033105908e-06,0.985779849623859
28761,1,0.652135403055991,0.0058970736105523,1.25605315442887e-06,0.341966267280302
28771,4,0.0014604822825774,0.10773063620995,0.00786629481781933,0.882942586689654
28781,4,0.306780621500346,0.190822111285408,0.00021978855030993,0.502177478663936
28791,4,0.0114060388539093,0.0778491526054562,0.000158710294277554,0.910586098246357
28801,1,0.532672315104643,0.00229771319877148,7.69382633907952e-07,0.465029202313952
28811,4,0.000397979385270394,0.0255902347650308,0.00300827622911566,0.971003509620583
28812,4,0.00202612500062896,0.129692974385167,0.00218320003475803,0.866097700579446
28821,1,0.725375769281846,0.00196230414142957,2.42155194830064e-07,0.27266168442153
28831,4,0.0178364564551457,0.426384372884194,0.0232187492283618,0.532560421432298
28841,2,0.0825848249533958,0.714001121267414,0.0134474140048845,0.189966639774305
28851,4,0.153178538006551,0.225992953536021,0.00753673992674336,0.613291768530685
28861,3,5.18208351787077e-11,0.00829853816898409,0.991681585881982,1.98758972128597e-05
28871,2,0.00630938494331883,0.812572422039606,0.00804904808063599,0.173069144936439
28881,4,0.268595371901769,0.00646450499726859,4.09427970594012e-07,0.724939713672991
28891,1,0.659805255559317,0.0210538295661684,1.71226976473455e-07,0.319140743647538
28901,4,0.00177529937411782,0.0249164869142837,0.000442633647153895,0.972865580064445
28911,2,0.000425829931399763,0.855074803947781,0.0223232434618948,0.122176122658925
28921,4,0.102553662460028,0.0238428104416373,2.55859320410299e-06,0.873600968505131
28931,4,6.05776027074571e-05,0.0980534437918225,0.259449447656845,0.642436530948625
28941,1,0.963590013285917,0.00422762945184466,2.42442190335037e-09,0.0321823548378161
28951,4,0.075112125254226,0.0759239811824766,1.15025613211802e-05,0.848952391001976
28961,2,0.000395289779103218,0.566014743698519,0.0250289693348464,0.408560997187531
28971,4,0.0237467808087195,0.0164199327284946,1.80210943313084e-05,0.959815265368455
28981,2,0.00143163564705252,0.984725897004255,0.00491377990566031,0.00892868744303169
28991,4,0.0035923258758232,0.0382059607225452,0.000248836474710768,0.957952876926921
29001,1,0.988531206050993,0.00424556889031719,4.83550078230508e-10,0.00722322457513967
29011,1,0.94036640712786,0.0112235173365187,1.54881846985245e-08,0.0484100600474364
29021,1,0.802965115323843,0.00508646129582895,2.01542055759516e-08,0.191948403226122
29031,3,1.8745730286431e-08,0.0791564092334892,0.919137205046267,0.00170636697451329
29041,3,1.18155762565361e-15,1.43430606843831e-06,0.999991117047049,7.44864688114255e-06
29051,1,0.714438127173385,0.0095413942204932,5.03758781151861e-08,0.276020428230243
29061,4,0.137316563051994,0.00286644891293116,1.80099699976302e-07,0.859816807935374
29071,1,0.806585181140479,0.15171342906189,1.47188232193511e-07,0.0417012426093986
29081,2,8.52111815519989e-05,0.523874986600495,0.12264892136545,0.353390880852504
29091,2,0.0596258703873965,0.844709309254553,0.00133759081259339,0.0943272295454571
29101,4,0.000336450024527044,0.300540426479232,0.0335406554562841,0.665582468039957
29111,1,0.568048130035449,0.0038925078393609,4.42589689359441e-08,0.428059317866221
29121,2,0.0496576915535077,0.880318162083928,0.000183156619368399,0.0698409897431958
29131,2,4.29178531938303e-05,0.997044574002814,0.00246690709573508,0.000445601048257399
29141,4,0.19477924326944,0.012372694408156,1.21578262986016e-06,0.792846846539774
29151,2,0.356031296271545,0.467091283241994,1.05680676413042e-05,0.176866852418819
29161,4,0.00192836143515195,0.170849403337964,0.0255027368171738,0.80171949840971
29171,2,0.000735893925784102,0.980452341052978,0.00161268197137784,0.0171990830498602
29181,4,0.000287370413778213,0.0286708256076965,0.00398223544072263,0.967059568537803
29191,2,0.00073280348181992,0.995228532752162,0.000621882988661964,0.00341678077735604
29201,2,0.230986796207058,0.473075147220219,3.2038179909418e-05,0.295906018392813
29211,3,3.59956877606442e-11,0.0137412106462496,0.986256080030952,2.70928680224256e-06
29221,1,0.999412855409676,8.64749051013819e-06,3.00604305486104e-14,0.000578497099783921
29241,1,0.817859676380038,0.0415315009084511,7.32895121777208e-08,0.140608749421999
29251,3,3.76492059961574e-19,1.18387319664259e-06,0.999998815895868,2.30935368180625e-10
29261,1,0.878265243922388,0.00339306530821436,5.1554040875762e-08,0.118341639215357
29271,4,0.0316251136850335,0.0729159516373375,4.75292355244142e-05,0.895411405442105
29281,4,0.0001103659027359,0.0811898430929244,0.0309550355349053,0.887744755469434
29291,4,0.0436848792740208,0.409496935395628,0.000691895653663826,0.546126289676688
29301,2,0.0731455598137988,0.59550731171808,0.000821003442057192,0.330526125026063
29311,3,1.17611115024035e-12,0.000195647950677135,0.999759583040627,4.47690075196653e-05
29321,1,0.925652834975391,0.00167186259700575,2.22956512180725e-09,0.0726753001980382
29331,1,0.764923128442047,0.0862853599471953,4.14322245047078e-07,0.148791097288513
29341,1,0.591599045336313,0.0170385105104495,2.03712909913647e-07,0.391362240440327
29351,1,0.98689227186519,0.000324962425784231,5.20075402806289e-11,0.0127827656570187
29361,2,0.000220821041255475,0.972530587068526,0.02321280978014,0.00403578211007811
29371,2,0.000585475023663013,0.942040330822615,0.00663310078122429,0.0507410933724981
29381,1,0.69379528472488,0.0344406303263799,4.50357785688949e-07,0.271763634590954
29391,4,0.118611123668721,0.271762460712892,0.000179824467832963,0.609446591150555
29401,1,0.50697789254875,0.118620187547099,4.82238748983086e-05,0.374353696029253
29411,2,0.00177100103639174,0.992852607130005,0.000377255888867205,0.00499913594473582
29421,1,0.737834675863162,0.00788067749104046,6.23305843528298e-08,0.254284584315214
29431,1,0.794084468291574,0.172629506605883,2.02749829347873e-07,0.0332858223527133
29441,2,6.56049633426257e-05,0.886048106104484,0.0571334603606125,0.0567528285715606
29451,2,0.00284957263224319,0.987970041184994,0.000276748270066433,0.00890363791269647
29461,2,0.0172699091488367,0.97893686948522,1.60128465100562e-05,0.00377720851943371
29471,2,0.0926836322353147,0.755099955017941,0.000289365302879967,0.151927047443864
29481,3,8.74264909786345e-06,0.158679149483754,0.444336273152078,0.396975834715071
29491,2,0.423152409132848,0.545831861839786,1.28330400892822e-06,0.031014445723357
29501,2,0.00144989392964516,0.986340136317498,0.00100811658522515,0.0112018531676318
29511,2,0.00443296369591563,0.987722229066572,0.0001612297101946,0.00768357752731771
29521,4,0.0142470663228219,0.0537712803467662,0.000140899067542048,0.93184075426287
29531,1,0.852314593354524,0.0167548791213431,4.49312508129874e-08,0.130930482592882
29541,2,0.230985560429557,0.435965983469559,3.27631743129886e-05,0.333015692926571
29551,2,0.0133171517416632,0.606399913812977,0.000505100961977806,0.379777833483382
29561,2,0.000138468494841062,0.857708178264521,0.0329944326160698,0.109158920624568
29571,4,0.00655249533190898,0.007174159294043,3.02172114824692e-05,0.986243128162566
29581,2,0.000128672749169206,0.970355058028001,0.0148687012787698,0.0146475679440602
29591,2,0.00402225626153883,0.995457998691793,7.43303304405285e-05,0.00044541471622745
29601,1,0.704541210701488,0.202493959737312,3.98075510379594e-06,0.0929608488060961
29611,2,0.00399625220097102,0.993052942991896,6.49167741398127e-05,0.0028858880329932
29621,1,0.822342356928119,0.145280382688048,1.26890357079492e-07,0.0323771334934759
29631,2,0.384487578560595,0.427614733545016,5.29142141487466e-06,0.187892396472974
29641,2,0.000253001143709557,0.967010445787615,0.0107677554031914,0.0219687976654846
29651,2,0.000707076471324866,0.897599389743466,0.00946536970065128,0.092228164084558
29661,1,0.712970315172851,0.154177985971257,1.2400532980195e-06,0.132850458802594
29671,1,0.942597087986811,0.000227863480991948,1.32910074483741e-10,0.0571750483992868
29681,3,7.20529769672144e-15,1.28786279232286e-05,0.999985551478631,1.56989343808148e-06
29691,4,0.0326645904771444,0.313560282710862,0.000104595606758568,0.653670531205236
29701,4,0.00475291811850734,0.388619499356396,0.00185368836453969,0.604773894160557
29711,2,0.00520003272823751,0.985801228952895,0.000185653484366558,0.00881308483450118
29721,2,0.208337477133491,0.759621176291975,4.81859104738218e-05,0.0319931606640602
29722,1,0.714518866282927,0.0253083096904057,2.09374322498418e-06,0.260170730283443
29731,4,0.00469983811400685,0.112709778791067,0.000639669049356564,0.88195071404557
29741,1,0.899926905738996,0.00462824663091343,5.8434153063706e-08,0.095444789195938
29751,4,0.0171424842564233,0.116718159992929,0.000540050588756126,0.865599305161891
29761,4,0.00488771354849897,0.0268411796856206,8.52213548867777e-05,0.968185885410994
29771,3,1.3121872780426e-08,0.0301603028316897,0.967770914362127,0.00206876968431038
29781,4,0.0338151295971856,0.427506388299903,0.0187801461301974,0.519898335972714
29791,2,1.40767425921181e-05,0.905777474317727,0.0757747850687708,0.0184336638709099
29801,4,0.208337549479431,0.109390190257987,8.91703587631545e-06,0.682263343226706
29811,2,0.0032632681589334,0.596595259684707,0.00187075611704949,0.39827071603931
29821,4,0.431588795873479,0.0370489113703511,5.40152668353321e-06,0.531356891229486
29831,2,0.000213865673724717,0.727446067731586,0.0508701407853537,0.221469925809335
29841,2,0.000205462195585369,0.906927807910165,0.0551307817717968,0.0377359481224529
29851,1,0.698410857439838,0.0312024015406183,1.70663360284473e-07,0.270386570356183
29861,2,0.00136085096006116,0.896594973078346,0.00143732849539267,0.1006068474662
29871,4,0.0269521382169509,0.00469880861976858,1.66593008105005e-06,0.968347387233199
29881,4,0.00518293919781788,0.379736962255872,0.00145820100466811,0.613621897541642
29891,2,0.0141187739584292,0.501165585357898,0.00958421710373803,0.475131423579935
29901,4,0.00895260395197157,0.0086658151074048,1.36597795352445e-05,0.982367921161089
29911,4,0.0186228302073871,0.0320720674085154,1.26775365630559e-05,0.949292424847535
29921,1,0.792031122377012,0.000369241768269969,2.12453212798245e-07,0.207599423401506
29931,4,0.00100296244328289,0.22673765918895,0.00331347771555713,0.76894590065221
29941,4,0.0105260685385851,0.174955985509828,0.0517162875577133,0.762801658393873
29951,4,0.00613825275536787,0.410740061863637,0.00679455775492953,0.576327127626066
29961,4,0.00222715815021659,0.299395026042152,0.00298276802860307,0.695395047779028
29971,4,0.000352349428067333,0.150254384921393,0.0158222548125498,0.83357101083799
29981,4,0.00294045289976237,0.0292357827580973,0.000357120311949971,0.96746664403019
29991,3,4.38667996915083e-06,0.120826136893584,0.688395464305833,0.190774012120614
30001,4,0.0105851121073955,0.00598713850734852,1.94618232345072e-05,0.983408287562021
30011,4,0.0261026765058198,0.432478797890091,0.000121385032040423,0.541297140572048
30021,4,0.00533314968109436,0.00781639396922454,9.1423226571003e-06,0.986841314027024
30031,3,7.24802062678799e-07,0.307509472494469,0.679066731122319,0.0134230715811489
30041,2,1.41412362028135e-05,0.86086208307597,0.11839485009769,0.0207289255901371
30051,2,4.74355311386485e-05,0.717718113498251,0.128525267339594,0.153709183631016
30061,2,0.287034325960737,0.394713327246997,6.80335607484388e-05,0.318184313231518
30071,4,0.0175378301237852,0.00437199481273208,2.03229902527794e-06,0.978088142764457
30081,2,0.0251526756844401,0.557690550455433,0.000213431894195528,0.416943341965931
30091,4,0.0252833167257844,0.0604348495573289,5.9514110002883e-05,0.914222319606884
30101,4,0.0844374428206523,0.0533923163957868,8.86204753589637e-05,0.862081620308202
30111,4,0.0655276758677671,0.242835049568125,0.00415388972014639,0.687483384843962
30121,1,0.845165960482552,0.00480785170257484,7.13129488090808e-09,0.150026180683578
30141,1,0.806230012154143,0.00306313865661029,4.80363791956061e-09,0.190706844385609
30151,4,0.263884115315361,0.0185643167484714,1.03323567150742e-06,0.717550534700496
30161,4,0.000352816613671297,0.0140350919312712,0.000603644751602306,0.985008446703455
30181,4,0.000541117604585737,0.11772392155135,0.00526669846384221,0.876468262380222
30191,4,0.0019299759466229,0.0128049377015779,0.00021048144170671,0.985054604910093
30201,4,0.306094668598829,0.168515905820174,0.00180982141565392,0.523579604165343
30211,4,0.1179057121486,0.043446420340127,1.21688100664964e-05,0.838635698701207
30221,4,3.05166573335015e-06,0.0125104521036177,0.101252308452265,0.886234187778383
30231,4,0.00557534444949852,0.060854427963164,9.3296576417245e-05,0.93347693101092
30241,4,2.48093177015209e-05,0.00603643413919676,0.00444604565629693,0.989492710886805
30251,4,0.0110811175651255,0.0624553868357804,0.000113746792904511,0.92634974880619
30261,4,0.264707011969245,0.0977283399432757,4.92812476057385e-06,0.637559719962719
30271,4,0.00118870200925327,0.005006950606721,3.68865548097376e-05,0.993767460829216
30281,4,0.00182839148844069,0.0301598499118073,0.000191906964052192,0.9678198516357
30291,4,0.0002201523630444,0.0409555214346555,0.0034067191459394,0.955417607056361
30301,2,0.00275120219332839,0.614299373475113,0.315501974095932,0.0674474502356257
30311,3,8.5989418008388e-10,0.0225655626790279,0.977278491432682,0.000155945028395963
30331,4,0.00184693771332496,0.37295217455064,0.00612991923328153,0.619070968502753
30341,4,0.00550519399755085,0.282368366411058,0.00128199707314962,0.710844442518242
30351,3,1.18929096776333e-11,0.00951823460994304,0.990477705834721,4.05954344264942e-06
30361,4,0.00699982978263393,0.401867434974914,0.00153061675105774,0.589602118491395
30381,4,0.00526514401479231,0.49161833274576,0.00247403137629283,0.500642491863155
30391,4,0.000382012960263708,0.348414640874909,0.0293504570037926,0.621852889161035
30401,4,0.00217124271195016,0.144196880100575,0.00220102330880058,0.851430853878675
30421,2,3.03113348979369e-05,0.414969047210743,0.317476555001617,0.267524086452742
30431,1,0.552164482123908,0.285905293273824,1.63559667259075e-06,0.161928589005596
30441,2,0.00238289567050387,0.699808314242787,0.00509149968328223,0.292717290403427
30461,4,0.000554012333504061,0.348375340364275,0.0173363615584374,0.633734285743784
30471,4,0.0108250860277512,0.350115119000922,0.0202252138578095,0.618834581113517
30481,4,0.0401934018584418,0.0297009005925111,1.46770693586432e-05,0.930091020479688
30501,2,0.00165743778885269,0.59111249947303,0.00694331796937672,0.400286744768741
30511,4,0.00171691449654161,0.0219415694636738,0.000376955048031795,0.975964560991753
30521,4,0.0440344419422675,0.263536312151138,0.0001730914057172,0.692256154500877
30531,1,0.556078630982188,0.0526076357304442,4.82056295461585e-07,0.391313251231073
30541,1,0.70529262716606,0.00348452799006664,1.12666378835615e-07,0.291222732177495
30561,3,2.89627125959019e-11,0.00119398999487278,0.998657923099042,0.000148086877122931
30571,3,3.70100812053293e-06,0.205064548436662,0.647330081969271,0.147601668585946
30581,4,0.000633291298112694,0.345957446356722,0.036280988637858,0.617128273707307
30591,4,0.373302534572447,0.0053052380240893,1.33882418575423e-07,0.621392093521045
30601,4,9.9710050478756e-06,0.0529626978041997,0.156821660841175,0.790205670349578
30611,4,2.02944244491967e-05,0.140996861413735,0.313841543113175,0.545141301048641
30621,4,0.313001917290131,0.000775198242311802,2.6253718103732e-08,0.686222858213839
30631,2,0.0148048590217365,0.69236321527029,0.00103328010867082,0.291798645599303
30641,1,0.87385832651803,0.0807324668122832,1.23199171757327e-07,0.0454090834705155
30651,1,0.953729857364312,0.0164456157863436,7.05137832357301e-09,0.0298245197979658
30661,4,0.0185566599984404,0.0182477613057977,1.33785113029249e-05,0.963182200184459
